0 792 buffer POLY_ID
1 50      0.00210049527
1 196      0.00302815452
1 252      0.00326177062
1 505      0.00157759604
1 740       0.0014807959
1 4        0.001291466
1 399      0.00150579639
1 69      0.00158589037
1 132       0.0013401924
1 218      0.00258362637
1 548      0.00145378991
1 242      0.00343539044
1 67      0.00181944582
1 182      0.00351991355
1 72      0.00218881565
1 321      0.00208022571
1 225       0.0015879056
1 90      0.00168696042
1 345      0.00144039552
1 325      0.00159690284
1 120      0.00269186833
1 164      0.00510915393
1 26      0.00162465798
2 363      0.00197801867
2 150      0.00175813259
2 37      0.00413108528
2 262      0.00160728941
2 138      0.00151293496
2 315      0.00137621691
2 265      0.00174151678
2 162      0.00589049231
2 354      0.00291029049
2 152      0.00305242189
2 130      0.00210762637
2 519      0.00162659066
2 375      0.00268838739
2 141      0.00261921229
2 100      0.00149662184
3 38       0.0013762211
3 307      0.00421519184
3 303      0.00144921233
3 32      0.00266662046
3 169      0.00287283984
3 119      0.00247244621
3 116      0.00148654135
3 70       0.0017164809
3 51      0.00134040695
3 40       0.0117716051
3 136       0.0119015016
3 314      0.00268430373
3 53      0.00146659479
3 780      0.00168941396
3 263       0.0018278483
3 470      0.00185453453
3 54      0.00204567714
3 208      0.00170575426
3 206      0.00280456356
3 383      0.00644359659
3 129      0.00136375159
3 39      0.00158242389
3 84      0.00157386063
3 467      0.00135316915
3 469      0.00136151676
3 240      0.00216984958
4 196      0.00141541171
4 205        0.001329478
4 16      0.00184390709
4 86      0.00215721009
4 745       0.0112291258
4 744      0.00196075731
4 740       0.0045686045
4 14      0.00536630097
4 399      0.00144348153
4 743      0.00129179956
4 11      0.00145669775
4 74      0.00128921774
4 56       0.0013393161
4 751      0.00168631181
4 218      0.00249643511
4 1        0.001291466
4 548      0.00627590738
4 67      0.00319510299
4 397      0.00198687557
4 403      0.00225380532
4 321      0.00136512854
4 628      0.00144779129
4 34      0.00135441233
4 26      0.00272564023
5 700       0.0014871387
5 211      0.00137673964
5 239      0.00184508786
5 268      0.00193669274
5 157      0.00129826623
5 200       0.0017389359
5 372      0.00444403921
5 202      0.00525605866
5 392      0.00164431127
5 274      0.00152011879
5 247      0.00287158655
5 161      0.00154979419
5 174      0.00129705176
5 391      0.00387498244
5 121      0.00180448867
5 139      0.00191187415
6 113      0.00221526309
6 248      0.00128721664
6 28      0.00166049251
6 231      0.00152528328
6 539       0.0034243549
6 295      0.00355071909
6 360      0.00166917227
6 13       0.0016699739
6 78      0.00327899825
6 55      0.00128430831
6 177      0.00336287635
6 337      0.00208153363
6 377      0.00144813188
6 297      0.00230193753
6 290      0.00158042729
6 329      0.00144293388
6 137      0.00262768035
6 103      0.00200102318
6 287      0.00215257371
6 201      0.00179275985
7 296      0.00142303094
7 236      0.00237978923
7 343       0.0016230439
7 312      0.00187060528
7 546      0.00511493877
7 107      0.00292939379
8 296      0.00209131566
8 243      0.00179815505
8 371      0.00134201399
8 46      0.00137064743
8 272      0.00150462527
9 613       0.0014444945
9 781       0.0013852653
9 739      0.00165907388
9 221      0.00211479373
9 188      0.00147546956
9 389      0.00139438001
9 390      0.00145613105
9 189      0.00232338616
9 187      0.00225524007
9 186      0.00320244351
9 10      0.00332974211
9 122      0.00132791506
9 98      0.00190139136
9 599      0.00145670288
9 685       0.0015356761
9 757      0.00556755264
9 750      0.00382937422
9 748      0.00390515611
9 394       0.0013038209
9 537      0.00202932935
9 133      0.00194444886
9 47      0.00168066577
10 221      0.00137923234
10 189      0.00213246132
10 187      0.00627721041
10 186      0.00193322973
10 9      0.00332974211
10 281      0.00158722215
10 122      0.00168356491
10 257      0.00164515129
10 98      0.00161411136
10 264      0.00151406221
10 660      0.00130248876
10 599       0.0014155803
10 685      0.00259012471
10 543      0.00145029441
10 757      0.00235827279
10 750      0.00254618262
10 748      0.00270857478
10 537      0.00170872837
10 133      0.00134930772
11 742      0.00135029761
11 196      0.00132857736
11 205      0.00154585009
11 16       0.0027542202
11 86      0.00385828058
11 745      0.00143603045
11 744      0.00139121593
11 740      0.00191371605
11 4      0.00145669775
11 14      0.00149545283
11 399      0.00227552848
11 19       0.0016221546
11 743      0.00363858808
11 273      0.00246028175
11 74      0.00718550756
11 56      0.00596583375
11 24      0.00178392787
11 12      0.00162278813
11 22      0.00164767178
11 156      0.00140264714
11 522      0.00137706698
11 23      0.00180552142
11 65      0.00184640638
11 401      0.00132293419
11 218      0.00136240413
11 26      0.00215013583
12 233      0.00159946061
12 106      0.00147631695
12 742      0.00163539696
12 20      0.00134258534
12 205      0.00172532612
12 16      0.00164541442
12 86       0.0014220622
12 66      0.00176294365
12 19      0.00262046887
12 62       0.0019644809
12 95      0.00145521863
12 743      0.00259298887
12 230      0.00164116692
12 11      0.00162278813
12 273        0.003614188
12 74      0.00209552995
12 56      0.00135259302
12 24      0.00201232111
12 156      0.00128470081
12 522      0.00146862678
12 338      0.00137251575
12 15       0.0021272944
12 295      0.00134288642
12 360      0.00227781547
12 344      0.00388811021
12 13      0.00232888895
12 78      0.00129785092
12 337      0.00169932137
12 297      0.00141749406
12 290      0.00199613685
12 85      0.00280843953
13 113      0.00140749908
13 233      0.00150455646
13 106      0.00187242526
13 248      0.00144097537
13 66        0.001415964
13 19      0.00150066748
13 62      0.00168835911
13 95      0.00156509405
13 230      0.00189460131
13 28      0.00151000598
13 273      0.00146068053
13 12      0.00232888895
13 15      0.00163087569
13 295      0.00312260887
13 360       0.0225556902
13 344       0.0036883621
13 78      0.00267208188
13 177      0.00156453636
13 337      0.00431314041
13 297      0.00320175204
13 6       0.0016699739
13 290      0.00487402286
13 85      0.00323109415
14 742      0.00153379657
14 205      0.00170644277
14 16      0.00231900934
14 86      0.00241233172
14 745      0.00964535155
14 744      0.00308083412
14 740      0.00297705626
14 25      0.00164506984
14 4      0.00536630097
14 19      0.00133185154
14 743      0.00145378206
14 11      0.00149545283
14 273      0.00131224267
14 74      0.00137421073
14 56      0.00130346489
14 751      0.00183721305
14 218      0.00173401331
14 548      0.00307117782
14 67      0.00203989339
14 397         0.00191683
14 403      0.00181674918
14 34      0.00163091655
14 26       0.0020879734
15 233      0.00547172668
15 106      0.00257651992
15 270      0.00132613776
15 248      0.00142507004
15 185      0.00144462926
15 743      0.00142788002
15 273      0.00150759604
15 74       0.0014784831
15 24      0.00368078096
15 12       0.0021272944
15 756      0.00146351466
15 351      0.00132614188
15 704      0.00193029598
15 156      0.00221467949
15 18       0.0019472928
15 522       0.0031706086
15 338      0.00358946609
15 364      0.00201072822
15 362      0.00177358866
15 23      0.00156462327
15 360      0.00170785497
15 344      0.00278651074
15 13      0.00163087569
15 297      0.00141687558
15 290      0.00199958417
15 85      0.00326867022
16 742      0.00241547722
16 20      0.00141257564
16 205      0.00314878894
16 86      0.00563865234
16 66      0.00173235054
16 745      0.00197948344
16 744      0.00273923335
16 740      0.00200737466
16 25       0.0019530617
16 4      0.00184390709
16 14      0.00231900934
16 399      0.00141009693
16 19       0.0026083806
16 62      0.00154687411
16 743      0.00379427316
16 11       0.0027542202
16 273      0.00301378463
16 74      0.00285080036
16 56      0.00191952464
16 12      0.00164541442
16 548      0.00142639034
16 26      0.00182753715
17 778      0.00163410205
17 81      0.00148831088
17 657      0.00128197004
17 109       0.0014294312
17 507      0.00207619499
17 370      0.00164991599
17 50      0.00155945683
17 196      0.00167157934
17 252      0.00190696925
17 505      0.00147409133
17 399      0.00167095216
17 75      0.00133184192
17 69      0.00475684996
17 132      0.00289728595
17 235      0.00158350302
17 64      0.00307792353
17 22       0.0027401061
17 23      0.00134094274
17 65      0.00181131973
17 401      0.00152730124
17 63      0.00236764918
17 164       0.0014642696
17 195      0.00146496711
18 233      0.00215966903
18 106      0.00141203369
18 223      0.00151652991
18 270       0.0037072915
18 244      0.00246360456
18 168      0.00181985077
18 79      0.00130030259
18 81      0.00135258541
18 24      0.00195299768
18 756      0.00311610868
18 351      0.00322170507
18 549      0.00308115058
18 704      0.00542250364
18 156      0.00310631302
18 522      0.00321478259
18 338      0.00425445737
18 15       0.0019472928
18 364      0.00177776341
18 362      0.00155378327
18 23      0.00176131701
18 65      0.00131476608
18 401       0.0018092155
18 524      0.00160821936
18 61      0.00163670944
18 293      0.00163745068
18 76      0.00149204912
18 318      0.00302422654
19 742      0.00433634826
19 20      0.00233296391
19 205      0.00487258593
19 16       0.0026083806
19 86      0.00182679987
19 66      0.00395780004
19 744      0.00193926162
19 25      0.00234844935
19 14      0.00133185154
19 62      0.00359279272
19 95      0.00200551854
19 743      0.00285349189
19 230      0.00207284795
19 11       0.0016221546
19 273      0.00402067156
19 74      0.00194268753
19 56      0.00127987385
19 12      0.00262046887
19 360      0.00143494111
19 344      0.00162955212
19 13      0.00150066748
19 337      0.00141400368
19 85      0.00138691151
20 742       0.0033939838
20 205      0.00256105265
20 16      0.00141257564
20 66      0.00550109249
20 744      0.00170366936
20 25      0.00319841084
20 19      0.00233296391
20 62      0.00398734112
20 95      0.00381261302
20 743      0.00129760593
20 230      0.00285969659
20 28      0.00148740387
20 273      0.00147633315
20 12      0.00134258534
20 73      0.00170621477
20 337      0.00134826662
20 87      0.00149953268
20 128      0.00160213143
20 501      0.00172256724
21 569      0.00314369594
21 653       0.0015993082
21 514      0.00216072873
21 672      0.00205320148
21 673      0.00140405682
21 652      0.00192391066
22 81      0.00137099052
22 507       0.0014389039
22 196      0.00203405203
22 252      0.00175748793
22 86      0.00127962967
22 740      0.00130219688
22 399       0.0034033593
22 11      0.00164767178
22 69      0.00235714807
22 74      0.00140349634
22 56      0.00227107245
22 132      0.00150557725
22 64        0.001735873
22 17       0.0027401061
22 756      0.00136445925
22 156      0.00137475658
22 23      0.00213458978
22 65      0.00387016593
22 401      0.00206546237
22 63      0.00161661334
22 218      0.00134277482
22 164      0.00134760882
22 26      0.00161282066
23 233      0.00133101493
23 223      0.00152012225
23 270      0.00178444532
23 244      0.00149520222
23 81       0.0015584059
23 399      0.00164685052
23 743      0.00139608632
23 11      0.00180552142
23 74      0.00176640119
23 56      0.00225455116
23 64      0.00128996922
23 24      0.00258725937
23 17      0.00134094274
23 22      0.00213458978
23 756      0.00279085701
23 351      0.00206285005
23 549      0.00159479506
23 704      0.00258695811
23 156      0.00382664573
23 18      0.00176131701
23 522      0.00269967637
23 338      0.00185476113
23 15      0.00156462327
23 65      0.00474503382
23 401       0.0045586505
23 63      0.00134791696
24 233      0.00234904687
24 106      0.00151612057
24 270      0.00147941072
24 743      0.00179812587
24 11      0.00178392787
24 273       0.0017488543
24 74      0.00209501283
24 56      0.00177371769
24 12      0.00201232111
24 756      0.00185350794
24 351      0.00155330436
24 549      0.00133191794
24 704      0.00238557241
24 156      0.00355115482
24 18      0.00195299768
24 522        0.004916537
24 338      0.00304542843
24 15      0.00368078096
24 364      0.00136857398
24 23      0.00258725937
24 360      0.00128317705
24 344      0.00190466522
24 65      0.00174254913
24 290      0.00136594458
24 85       0.0019217708
24 401      0.00176713059
25 742      0.00511202125
25 20      0.00319841084
25 205      0.00402034871
25 16       0.0019530617
25 86      0.00148318118
25 66      0.00302393853
25 745      0.00140662671
25 744      0.00352979484
25 14      0.00164506984
25 19      0.00234844935
25 62      0.00221229406
25 95      0.00177446399
25 743      0.00148438779
25 230      0.00158764725
25 273      0.00158428572
25 87       0.0014798321
25 128      0.00177822325
25 34      0.00161869537
26 196      0.00243964883
26 252       0.0015713313
26 16      0.00182753715
26 86      0.00263655074
26 745      0.00231691141
26 744      0.00137128685
26 740      0.00668724355
26 4      0.00272564023
26 14       0.0020879734
26 399      0.00306324449
26 743      0.00149200276
26 11      0.00215013583
26 74      0.00168192013
26 56      0.00221916234
26 22      0.00161282066
26 65      0.00135037118
26 218      0.00370168807
26 1      0.00162465798
26 548      0.00231284065
26 67      0.00213678535
26 182      0.00130899553
26 403      0.00136897732
26 164      0.00140519093
27 784      0.00313411784
27 724      0.00453066835
27 613      0.00257908023
27 223      0.00275371754
27 270      0.00136687803
27 244      0.00163896677
27 168      0.00193927747
27 781      0.00154358958
27 188      0.00133341968
27 778       0.0025738573
27 79      0.00427013999
27 81      0.00281927326
27 657      0.00453171135
27 109      0.00346511222
27 507      0.00250591724
27 370      0.00202847742
27 64      0.00179322189
27 756      0.00129533117
27 351      0.00141889283
27 549      0.00145682065
27 401      0.00128746841
27 63      0.00219181629
27 76      0.00209035159
27 195      0.00143787782
27 517      0.00143681644
27 68      0.00153824308
27 133      0.00132442729
27 47      0.00158579397
28 20      0.00148740387
28 66      0.00141946515
28 62      0.00163170954
28 95      0.00235914703
28 299      0.00138806543
28 230      0.00251106117
28 231      0.00176570729
28 73      0.00417118102
28 539      0.00175336971
28 295      0.00190253836
28 360      0.00143052671
28 13      0.00151000598
28 78       0.0025279202
28 177      0.00303777609
28 337      0.00230664182
28 6      0.00166049251
28 501      0.00187297569
29 547      0.00129319532
29 320       0.0024447669
29 215      0.00175961316
29 291      0.00170904396
29 216      0.00189620589
29 316      0.00175091021
29 146      0.00170182643
29 541      0.00445013845
29 249      0.00663474282
29 358      0.00194596841
29 710      0.00142850267
29 615      0.00144374167
29 527      0.00188789696
29 102      0.00327358136
29 170      0.00167455698
29 158      0.00132455744
30 303      0.00238961254
30 41      0.00483753857
30 60       0.0031616976
30 49       0.0024245628
30 31      0.00142299207
30 116      0.00247413172
30 104      0.00245712812
30 505       0.0014403071
30 70      0.00205329702
30 75      0.00158895903
30 51      0.00142818129
30 241      0.00136676278
30 311      0.00178840644
30 310       0.0016748652
30 345      0.00206871377
30 331      0.00388928111
30 325      0.00187453903
30 533      0.00205903902
31 38      0.00196426788
31 307      0.00141753274
31 303      0.00218655752
31 41      0.00132592032
31 30      0.00142299207
31 60      0.00214281887
31 49      0.00325794223
31 32      0.00182486102
31 116      0.00150883078
31 70      0.00158876565
31 241      0.00184098936
31 93      0.00273410579
31 311       0.0038937313
31 500       0.0018320504
31 528      0.00345516316
31 378      0.00173749511
31 544      0.00439351237
31 306      0.00134699544
31 430      0.00135723614
31 429      0.00147331315
32 38      0.00206915353
32 307      0.00532770191
32 303       0.0026022987
32 60      0.00128580306
32 49      0.00200676835
32 31      0.00182486102
32 3      0.00266662046
32 169      0.00210969904
32 119      0.00179450012
32 116      0.00213296887
32 70      0.00267824641
32 51      0.00131664612
32 40      0.00240804526
32 136      0.00238253665
32 314      0.00175772851
32 53      0.00131062904
32 311      0.00137463965
32 378      0.00133794066
32 544      0.00159417144
32 263      0.00133559655
32 206      0.00147745397
32 383      0.00190549855
32 306      0.00133513275
32 129       0.0014747359
32 39      0.00138151122
32 240      0.00135103743
33 127       0.0013712741
33 39      0.00129008168
33 367      0.00134770803
33 728      0.00202658245
33 99      0.00202506529
33 112      0.00384735745
33 251      0.00136313338
33 84      0.00148179526
33 467       0.0021218086
33 227       0.0023637445
33 469      0.00180756243
33 240      0.00133406363
33 498      0.00292922558
33 194      0.00318517548
33 192      0.00348813826
33 197      0.00163789828
33 228      0.00162524854
33 101      0.00159309128
34 745      0.00151607392
34 744      0.00185958831
34 25      0.00161869537
34 4      0.00135441233
34 14      0.00163091655
34 753      0.00205418068
34 751      0.00323964395
34 548      0.00128559055
34 397      0.00198205039
34 403      0.00134266039
34 87      0.00144381419
34 128      0.00187437171
34 342       0.0025187497
35 363      0.00129314764
35 94      0.00231026345
35 110      0.00165173853
35 125      0.00141922974
35 395       0.0013297176
35 265      0.00206817717
35 162      0.00134065204
35 354      0.00153085646
35 152       0.0017231555
35 130      0.00223700349
35 381       0.0187919701
35 330      0.00280013714
35 246      0.00227177957
35 254      0.00297838636
35 352      0.00158979279
35 369      0.00225254246
35 100      0.00160767796
36 363       0.0018466838
36 125      0.00153541193
36 150      0.00209192926
36 37      0.00137172346
36 153      0.00361432281
36 210      0.00461545412
36 138      0.00214746085
36 315       0.0040276816
36 165      0.00257364365
36 207      0.00128312423
36 282       0.0038417815
36 382      0.00136374355
36 709      0.00187037415
37 363       0.0027751194
37 150      0.00245829149
37 262       0.0017757547
37 153      0.00136517776
37 138      0.00235725548
37 36      0.00137172346
37 315      0.00203949585
37 282      0.00159429189
37 2      0.00413108528
37 265      0.00133909632
37 162      0.00285733948
37 354      0.00185150723
37 152       0.0022644813
37 130      0.00166961797
37 519      0.00133468348
37 375      0.00168017684
37 141      0.00187933171
38 307      0.00201012221
38 303       0.0013689394
38 49      0.00141064501
38 31      0.00196426788
38 32      0.00206915353
38 3       0.0013762211
38 169      0.00185642831
38 119      0.00169657786
38 40       0.0014076415
38 93      0.00195668976
38 311      0.00130562763
38 500      0.00183385744
38 528        0.001375794
38 494      0.00163716939
38 378      0.00357151238
38 544      0.00259985846
38 306      0.00354466696
38 450      0.00168238137
38 129      0.00268505651
38 39      0.00169093152
38 376        0.001631538
39 38      0.00169093152
39 307      0.00176418004
39 32      0.00138151122
39 3      0.00158242389
39 169      0.00346737259
39 119      0.00436383396
39 40      0.00179898822
39 136       0.0014103902
39 378      0.00129640527
39 208      0.00134554864
39 383      0.00164587444
39 306      0.00176122027
39 450      0.00157124731
39 129      0.00366138975
39 376      0.00324672699
39 367      0.00215388416
39 409      0.00128006816
39 728      0.00129422591
39 84       0.0016371881
39 467      0.00233662738
39 227      0.00282317361
39 469      0.00440407871
39 240      0.00265377044
39 498       0.0015397705
39 33      0.00129008168
40 38       0.0014076415
40 307      0.00401221272
40 303      0.00132444723
40 32      0.00240804526
40 3       0.0117716051
40 169      0.00358906686
40 119      0.00305884151
40 116      0.00133236454
40 70      0.00151862407
40 136      0.00651883164
40 314      0.00223732981
40 53      0.00131201112
40 780      0.00157047282
40 263      0.00162667594
40 470      0.00174194647
40 54      0.00205738917
40 208      0.00186515586
40 206      0.00252417045
40 383      0.00842170688
40 129      0.00147672673
40 39      0.00179898822
40 251      0.00129259248
40 84      0.00176677802
40 467      0.00152507898
40 227      0.00132566249
40 469      0.00153761424
40 240      0.00264529852
41 303      0.00171479439
41 30      0.00483753857
41 60      0.00341474185
41 49      0.00195113022
41 31      0.00132592032
41 116      0.00165166828
41 104      0.00172348506
41 70      0.00146588068
41 75      0.00128776409
41 241      0.00159823183
41 311      0.00181775604
41 310       0.0021833469
41 345      0.00231172144
41 331      0.00356675648
41 325      0.00173812257
41 528      0.00129688467
41 533      0.00347520249
42 299      0.00159921037
42 231      0.00223084805
42 175      0.00157853237
42 193      0.00264413734
42 245      0.00331831628
42 711      0.00131612704
42 111      0.00203768487
42 44      0.00228548593
42 560      0.00220975398
42 539      0.00154971866
42 55      0.00567271503
42 475      0.00218938903
42 347      0.00171496496
42 380      0.00270748063
42 373      0.00197119722
42 377      0.00282198801
42 118      0.00622516012
42 96      0.00158819732
42 201       0.0019178522
42 181      0.00154139264
43 113      0.00219725988
43 248      0.00146951347
43 686      0.00133410169
43 275      0.00191748021
43 219      0.00131437522
43 302       0.0026116064
43 346      0.00207487832
43 126      0.00193295008
43 329      0.00617917101
43 328      0.00213457305
43 502      0.00212671375
43 489      0.00251625414
43 368      0.00784825687
43 361      0.00364650585
43 359      0.00160923952
43 48      0.00235518692
43 52      0.00979465677
43 137      0.00184054492
43 103      0.00232209859
43 287      0.00191664132
43 173      0.00142962939
44 299      0.00146418027
44 231      0.00131493498
44 175      0.00394258357
44 193       0.0123450485
44 245      0.00196580662
44 379      0.00152065231
44 711       0.0030863916
44 111      0.00320949161
44 199      0.00256619059
44 560       0.0038071885
44 385      0.00168137745
44 42      0.00228548593
44 55      0.00175687134
44 276      0.00128208431
44 347      0.00169795279
44 380      0.00147716236
44 373      0.00198987206
44 118      0.00170830449
44 181       0.0014656381
45 415      0.00274450237
45 416      0.00335861369
45 127      0.00155478168
45 194      0.00165869517
45 228      0.00333588627
45 453       0.0046893455
45 452      0.00172082513
45 422      0.00140302261
45 131       0.0036932613
45 284      0.00134733621
46 8      0.00137064743
46 243      0.00259276357
46 371       0.0018179728
46 229      0.00162541177
46 272      0.00129102236
46 349      0.00136270355
46 547      0.00143196535
46 267      0.00138106351
46 159       0.0016474445
46 170      0.00148166828
47 784      0.00151141081
47 724      0.00172937898
47 613      0.00352136846
47 781      0.00136812462
47 221      0.00140813118
47 188      0.00129339303
47 778      0.00159227913
47 27      0.00158579397
47 657      0.00191588118
47 109       0.0017584873
47 370       0.0015929323
47 186      0.00134689407
47 9      0.00168066577
47 98      0.00225295121
47 757      0.00154592342
47 124      0.00161923169
47 123      0.00162829211
47 195      0.00153671765
47 117      0.00181858627
47 517      0.00252989204
47 394      0.00220364326
47 68      0.00310748815
47 537      0.00223642684
47 133      0.00786318445
48 204      0.00183844882
48 184      0.00145552562
48 686       0.0025893225
48 275      0.00228588221
48 302      0.00167628237
48 346      0.00179371955
48 329      0.00172280527
48 328      0.00154113363
48 502      0.00452740705
48 489       0.0367934469
48 368       0.0021321128
48 366      0.00132013052
48 361      0.00367354388
48 359      0.00306210971
48 52      0.00276573644
48 43      0.00235518692
49 38      0.00141064501
49 307       0.0014585128
49 303      0.00498110645
49 41      0.00195113022
49 30       0.0024245628
49 60      0.00356138097
49 31      0.00325794223
49 32      0.00200676835
49 116      0.00257363006
49 104      0.00146072653
49 70      0.00258607922
49 241      0.00166692248
49 93      0.00148997209
49 311        0.003449136
49 331      0.00149352457
49 528      0.00201611991
49 533      0.00151572422
49 544      0.00188917447
50 196      0.00176736919
50 252      0.00293004154
50 104        0.001814956
50 505      0.00624642215
50 75      0.00254175502
50 69      0.00223858632
50 132      0.00263606266
50 235      0.00196923445
50 51      0.00130545236
50 17      0.00155945683
50 1      0.00210049527
50 242      0.00221408602
50 182      0.00147687615
50 72      0.00162176244
50 310      0.00137961134
50 345       0.0019798401
50 331      0.00171501248
50 325      0.00347518166
50 120      0.00526447099
50 164      0.00345526566
51 303      0.00156691678
51 30      0.00142818129
51 32      0.00131664612
51 3      0.00134040695
51 50      0.00130545236
51 116           0.002294
51 104      0.00282116087
51 505      0.00164325348
51 70       0.0021392285
51 75      0.00267859663
51 132      0.00149328034
51 235      0.00285867764
51 136      0.00146395148
51 314      0.00236818285
51 92      0.00350688235
51 53      0.00726138396
51 331      0.00135832181
51 325      0.00138392979
51 780      0.00167948624
51 263      0.00262100678
51 470      0.00150852336
51 206      0.00158070084
51 124       0.0015100177
51 123      0.00171511111
51 195      0.00151771297
52 113      0.00192116074
52 248      0.00145818007
52 185      0.00130694442
52 686      0.00139506325
52 275       0.0018222432
52 219      0.00148031006
52 302      0.00307693299
52 346      0.00184234802
52 126      0.00199780063
52 329      0.00443658239
52 328      0.00181843202
52 502      0.00266944771
52 489      0.00298519035
52 368      0.00904621451
52 361      0.00351755288
52 359      0.00165506166
52 48      0.00276573644
52 43      0.00979465677
52 137      0.00155100851
52 103      0.00187711403
52 287      0.00160308336
52 173       0.0012816275
53 303      0.00140717336
53 32      0.00131062904
53 3      0.00146659479
53 116      0.00192444482
53 104      0.00203214933
53 505      0.00138097013
53 70       0.0018934979
53 75      0.00203542567
53 132      0.00136682445
53 235      0.00241047244
53 51      0.00726138396
53 40      0.00131201112
53 136      0.00163903706
53 314      0.00306722227
53 92      0.00431256251
53 780      0.00217922736
53 263      0.00401848274
53 470      0.00188835708
53 54      0.00134679107
53 206      0.00193635423
53 383       0.0013320801
53 124      0.00189319803
53 123      0.00214001394
53 195      0.00168699012
53 117      0.00147933455
53 517      0.00143038892
53 68      0.00129051329
54 307      0.00138087352
54 3      0.00204567714
54 169      0.00141607761
54 119      0.00141053668
54 40      0.00205738917
54 136      0.00229237762
54 314      0.00211279259
54 53      0.00134679107
54 98      0.00133311352
54 780      0.00292410505
54 322      0.00328775374
54 263      0.00201078655
54 470      0.00407792615
54 208      0.00315666023
54 206      0.00406477902
54 383      0.00270127509
54 728      0.00137821519
54 251      0.00189172013
54 84      0.00202140794
54 467      0.00132714418
54 240      0.00179982086
54 124      0.00200088736
54 123      0.00145741106
54 117      0.00213981712
54 394      0.00179262739
55 299      0.00185524838
55 231      0.00358252277
55 193      0.00201040092
55 245      0.00454539215
55 111      0.00189229705
55 44      0.00175687134
55 560      0.00160073856
55 539      0.00205044653
55 42      0.00567271503
55 177      0.00150750611
55 475      0.00205888892
55 347      0.00133112461
55 380      0.00211915235
55 373      0.00147236101
55 377      0.00307511844
55 118      0.00482713895
55 6      0.00128430831
55 96      0.00141150172
55 201       0.0021931144
56 196      0.00154397365
56 16      0.00191952464
56 86      0.00258004039
56 745      0.00129061097
56 740      0.00181561578
56 4       0.0013393161
56 14      0.00130346489
56 399      0.00321291313
56 19      0.00127987385
56 743      0.00230219123
56 11      0.00596583375
56 273      0.00178264172
56 74      0.00359541973
56 24      0.00177371769
56 12      0.00135259302
56 22      0.00227107245
56 156      0.00154258849
56 522      0.00144366815
56 23      0.00225455116
56 65      0.00257702744
56 401      0.00160066769
56 218      0.00142685692
56 26      0.00221916234
57 296      0.00170955781
57 236      0.00178921052
57 243      0.00192592163
57 371      0.00297664498
57 175      0.00150815495
57 379       0.0025338568
57 229      0.00257210367
57 711      0.00199043783
57 343      0.00332776928
57 199      0.00225329155
57 272      0.00493916201
57 385      0.00134569386
57 349      0.00139536644
57 546      0.00138457584
57 107      0.00136883511
58 789      0.00131309309
58 281      0.00250697372
58 122      0.00196081153
58 257      0.00256335805
58 298      0.00169011217
58 767      0.00186506349
58 660      0.00149505087
58 292      0.00298599135
58 238      0.00207596899
58 305      0.00179727207
58 301      0.00315261732
58 151      0.00251544427
58 91      0.00275058574
58 214      0.00151844331
59 538      0.00211854011
59 400      0.00462657011
59 283      0.00165390041
59 147       0.0027419151
59 294      0.00135516281
59 83      0.00158507678
59 114      0.00153842281
59 144      0.00138611352
59 140      0.00242867025
59 387       0.0025626326
59 88       0.0021260205
59 226       0.0015427681
59 679        0.001470264
59 510      0.00163984774
59 384      0.00190902846
59 308      0.00136785439
60 303      0.00230591477
60 41      0.00341474185
60 30       0.0031616976
60 49      0.00356138097
60 31      0.00214281887
60 32      0.00128580306
60 116      0.00180694494
60 104      0.00141258172
60 70      0.00168322395
60 241      0.00233736544
60 93      0.00129103155
60 311      0.00384664642
60 310      0.00135077117
60 345      0.00138627129
60 331      0.00186889572
60 528      0.00203809626
60 533      0.00263487799
60 544      0.00145854707
60 429      0.00135925824
61 270      0.00141853809
61 185      0.00147634859
61 244      0.00138012492
61 168      0.00132107832
61 766      0.00128527908
61 219      0.00138439749
61 154      0.00170177518
61 217        0.001952963
61 224      0.00218627902
61 220      0.00293707338
61 549      0.00145697174
61 18      0.00163670944
61 338      0.00134589773
61 364      0.00171638012
61 362      0.00166340583
61 334      0.00320878046
61 323      0.00560977157
61 524      0.00201293037
61 309       0.0028699889
61 293      0.00252674545
61 318      0.00254352354
61 80      0.00213954538
62 742      0.00322560049
62 20      0.00398734112
62 205      0.00269453373
62 16      0.00154687411
62 66      0.00823949391
62 744      0.00150461531
62 25      0.00221229406
62 19      0.00359279272
62 95      0.00453113401
62 743      0.00160743919
62 230       0.0046389006
62 28      0.00163170954
62 273      0.00198294599
62 12       0.0019644809
62 73      0.00160841664
62 295      0.00131289026
62 360      0.00157907672
62 344        0.001518259
62 13      0.00168835911
62 78      0.00142985883
62 337      0.00185097662
62 85      0.00130939754
62 501      0.00138045092
63 784      0.00129612625
63 724      0.00147776299
63 613      0.00132037356
63 223      0.00234418226
63 270      0.00128610769
63 244      0.00136652779
63 168       0.0013612516
63 778      0.00348593741
63 79      0.00227943312
63 27      0.00219181629
63 81      0.00324817305
63 657      0.00255533015
63 109      0.00303683525
63 507       0.0129797541
63 370      0.00281807243
63 69      0.00159179798
63 132      0.00151632988
63 64      0.00860660113
63 17      0.00236764918
63 22      0.00161661334
63 756      0.00144173236
63 351      0.00141917339
63 549      0.00128942422
63 23      0.00134791696
63 65      0.00157004579
63 401       0.0018182348
63 76      0.00128545128
63 195      0.00182779892
63 517      0.00136079191
63 68      0.00135988718
64 724      0.00128859199
64 223      0.00185425665
64 778      0.00323870087
64 79      0.00180238976
64 27      0.00179322189
64 81      0.00238231444
64 657      0.00218197485
64 109      0.00261701461
64 507      0.00630311535
64 370      0.00293199603
64 69      0.00190883115
64 132      0.00184055223
64 235      0.00140314251
64 92      0.00130740698
64 17      0.00307792353
64 22        0.001735873
64 756      0.00129047095
64 23      0.00128996922
64 65      0.00155836395
64 401      0.00165800744
64 63      0.00860660113
64 195      0.00200191937
64 517      0.00137940937
64 68      0.00135604751
65 223      0.00146546089
65 270      0.00142496126
65 244      0.00127936901
65 81      0.00158917397
65 507      0.00140575832
65 196      0.00137868464
65 86      0.00128970732
65 399       0.0022655177
65 743      0.00130338464
65 11      0.00184640638
65 69      0.00150260842
65 74       0.0016566134
65 56      0.00257702744
65 64      0.00155836395
65 24      0.00174254913
65 17      0.00181131973
65 22      0.00387016593
65 756      0.00199807841
65 351      0.00162480207
65 549      0.00131929535
65 704      0.00173536568
65 156      0.00213198427
65 18      0.00131476608
65 522      0.00172110932
65 338       0.0013339948
65 23      0.00474503382
65 401      0.00371963207
65 63      0.00157004579
65 26      0.00135037118
66 742       0.0050080663
66 20      0.00550109249
66 205      0.00362406028
66 16      0.00173235054
66 86      0.00132704627
66 744      0.00181560348
66 25      0.00302393853
66 19      0.00395780004
66 62      0.00823949391
66 95      0.00349420495
66 743      0.00166308038
66 230      0.00314422956
66 28      0.00141946515
66 273      0.00199936269
66 74       0.0013057925
66 12      0.00176294365
66 73      0.00147380818
66 360      0.00134041315
66 344      0.00133767705
66 13        0.001415964
66 337      0.00151146882
66 128      0.00128653272
66 501      0.00136418775
67 196      0.00162265821
67 252      0.00129428892
67 86      0.00136943164
67 745      0.00258697955
67 740      0.00259828382
67 4      0.00319510299
67 14      0.00203989339
67 399      0.00132586488
67 751      0.00147656213
67 218      0.00346534015
67 1      0.00181944582
67 548      0.00599596194
67 242      0.00134885436
67 182      0.00202006471
67 397      0.00198071213
67 403      0.00337797118
67 321       0.0023820453
67 628      0.00215503433
67 651       0.0015818549
67 225      0.00129879061
67 90      0.00153555758
67 164      0.00135978169
67 26      0.00213678535
68 724      0.00141707235
68 613      0.00211357468
68 778       0.0022262808
68 27      0.00153824308
68 657      0.00220429378
68 109      0.00223800087
68 507      0.00150454889
68 370      0.00251832782
68 64      0.00135604751
68 92      0.00162225144
68 53      0.00129051329
68 63      0.00135988718
68 98       0.0016759481
68 780      0.00166864879
68 263      0.00144716844
68 470      0.00149211618
68 124      0.00257406625
68 123       0.0032064155
68 195      0.00289743712
68 117      0.00248389222
68 517       0.0131503945
68 394      0.00226553802
68 537      0.00161957647
68 133      0.00255421629
68 47      0.00310748815
69 507      0.00146520784
69 370      0.00131533051
69 50      0.00223858632
69 196       0.0022469249
69 252      0.00308626406
69 505      0.00195225056
69 399       0.0017901246
69 75      0.00157137668
69 132      0.00390909347
69 235      0.00173417979
69 64      0.00190883115
69 17      0.00475684996
69 22      0.00235714807
69 65      0.00150260842
69 63      0.00159179798
69 218      0.00128118653
69 1      0.00158589037
69 325      0.00137087521
69 120      0.00168938318
69 164      0.00210649252
70 307      0.00191682446
70 303      0.00536533649
70 41      0.00146588068
70 30      0.00205329702
70 60      0.00168322395
70 49      0.00258607922
70 31      0.00158876565
70 32      0.00267824641
70 3       0.0017164809
70 116       0.0102204771
70 104      0.00211133311
70 75      0.00147102708
70 235       0.0012902359
70 51       0.0021392285
70 40      0.00151862407
70 136      0.00175074574
70 314      0.00194866747
70 92      0.00134348723
70 53       0.0018934979
70 311      0.00147798622
70 331       0.0014705595
70 263      0.00157478681
70 206      0.00139442595
70 383      0.00137029852
71 760      0.00418076832
71 183      0.00134492892
71 142      0.00227942634
71 555      0.00215324217
71 355       0.0014907258
71 258      0.00700376703
71 97      0.00193702943
71 402      0.00286172844
71 608      0.00168175072
71 332      0.00178754756
71 294      0.00131566241
71 83      0.00131657618
72 50      0.00162176244
72 252      0.00144869669
72 505      0.00140175187
72 218      0.00128166738
72 1      0.00218881565
72 242      0.00518679945
72 182        0.003257183
72 321      0.00221275991
72 651      0.00146967564
72 649      0.00197286643
72 225      0.00355518348
72 90      0.00288460789
72 310       0.0026061529
72 345      0.00237203425
72 331      0.00152424346
72 325      0.00186666073
72 120      0.00234359649
72 164      0.00193726287
73 20      0.00170621477
73 66      0.00147380818
73 62      0.00160841664
73 95       0.0024908497
73 299      0.00152295237
73 230      0.00227279412
73 28      0.00417118102
73 231      0.00153789924
73 539      0.00130302044
73 295      0.00131692779
73 78      0.00158541311
73 177      0.00180849539
73 337      0.00157134959
73 501      0.00339308305
74 742      0.00149157663
74 205       0.0017161022
74 16      0.00285080036
74 86      0.00315889585
74 66       0.0013057925
74 745      0.00129549183
74 744       0.0013978095
74 740      0.00157542518
74 4      0.00128921774
74 14      0.00137421073
74 399      0.00174341094
74 19      0.00194268753
74 743      0.00607809716
74 11      0.00718550756
74 273      0.00352380324
74 56      0.00359541973
74 24      0.00209501283
74 12      0.00209552995
74 22      0.00140349634
74 156      0.00148044421
74 522      0.00150853508
